0,413
0,412
0,411
0,410
0,409
0,408
0,407
0,406
0,405
37,4
37,3
37,2
37,1
37,0
36,3
36,2
36,1
36,0
35,3
35,2
35,1
35,0
34,3
34,2
34,1
34,0
33,5
33,4
33,3
33,2
33,1
33,0
32,87
0,404
32,86
32,85
32,84
32,83
0,403
32,82
32,81
32,80
0,402
32,79
32,78
32,77
0,401
32,76
32,75
32,74
32,73
0,400
32,72
32,71
32,70
0,399
32,69
32,68
32,67
32,66
0,398
32,65
32,64
32,35
32,34
0,397
32,33
32,32
32,31
32,30
0,396
32,29
32,28
32,27
0,395
32,26
32,25
32,24
32,23
0,394
32,22
32,21
32,20
32,19
0,393
32,18
32,17
32,16
0,392
32,15
32,14
32,13
32,12
0,391
32,11
32,10
32,9
32,8
0,390
32,7
32,6
32,5
32,4
32,3
32,2
32,1
32,0
31,4
31,3
31,2
31,1
31,0
0,389
0,388
30,6
30,5
30,4
30,3
30,2
30,1
30,0
29,5
29,4
29,3
29,2
29,1
29,0
28,101
28,100
28,99
28,98
28,97
28,96
28,95
28,94
28,93
28,92
28,91
